{
    "n_hidden_layers": 4,
    "n_hidden_units": 200,
    "lr": 3.138969533841802e-05,
    "weight_decay": 1.071724200384772e-08,
    "batch_size": 8,
    "lambda_phy": 2.009107432895544e-05,
    "lambda_ic": 4.171062569370642e-05
}