{
    "n_hidden_layers": 2,
    "n_hidden_units": 256,
    "lr": 8.394595694372765e-05,
    "weight_decay": 3.300707449214965e-07,
    "batch_size": 16
}