{
    "n_hidden_layers": 3,
    "n_hidden_units": 160,
    "lr": 0.0008773839087533405,
    "weight_decay": 1.3708085410670229e-05,
    "lambda_phy": 3.4051270015813734e-05
}