{
    "n_hidden_layers": 5,
    "n_hidden_units": 75,
    "lr": 0.0003623192308818835,
    "weight_decay": 1.9245247284160466e-08,
    "lambda_phy": 1.6333106557747077e-05
}