{
    "n_hidden_layers": 5,
    "n_hidden_units": 87,
    "lr": 0.0011771522154293266,
    "weight_decay": 1.744668017687994e-08,
    "lambda_phy": 0.0014457189713315728
}