{
    "n_hidden_layers": 5,
    "n_hidden_units": 110,
    "lr": 5.000010089761398e-5,
    "weight_decay": 1.2857958559390203e-07,
    "lambda_phy": 0.0026498140983581076,
    "batch_size": 16
}
