{
    "n_hidden_layers": 4,
    "n_hidden_units": 173,
    "lr": 0.0013649668211458469,
    "weight_decay": 9.048025146939991e-07,
    "lambda_phy": 0.00028252698598599664
}