{
    'n_hidden_layers': 4,
    'n_hidden_units': 191,
    'lr': 0.0002099693529342787,
    'weight_decay': 3.4334611075297167e-07,
    'batch_size': 8,
}