{
    "n_hidden_layers": 2,
    "n_hidden_units": 225,
    "lr": 1.384596261983095e-5,
    "weight_decay": 1.4544820344087346e-07,
    "lambda_phy": 0.0007704289290221836
}
