{
    "n_hidden_layers": 4,
    "n_hidden_units": 225,
    "lr": 9.845079419015749e-6,
    "weight_decay": 1.8587923484927573e-06,
    "lambda_phy": 0.0023830093953145213
}
