{
    "n_hidden_layers": 1,
    "n_hidden_units": 172,
    "lr": 0.0007975189256538179,
    "weight_decay": 1.264634345998174e-08,
    "lambda_phy": 7.157830743299169e-05,
    "batch_size": 16
}