{
    "n_hidden_layers": 1,
    "n_hidden_units": 219,
    "lr": 0.0005193008223828187,
    "weight_decay": 2.0702438117991014e-06,
    "batch_size": 8
}